#python3 aux_get_src_tgt_ratios.py /scratch/jiranzotmp/trabajo/StreamTranslation_deen/eval/norm.iwslt17.dev2010.de /scratch/jiranzotmp/trabajo/StreamTranslation_deen/eval/iwslt17.dev2010.prepro.en
0.5384615384615384
0.5555555555555556
0.6666666666666666
0.7647058823529411
0.7777777777777778
0.7777777777777778
0.8
0.8235294117647058
0.8333333333333334
0.8461538461538461
0.8461538461538461
0.8461538461538461
0.85
0.85
0.8571428571428571
0.8571428571428571
0.8666666666666667
0.875
0.875
0.8888888888888888
0.8888888888888888
0.8888888888888888
0.896551724137931
0.9
0.9
0.9
0.9
0.9130434782608695
0.9166666666666666
0.9230769230769231
0.9285714285714286
0.9285714285714286
0.9285714285714286
0.9375
0.9375
0.9411764705882353
0.9444444444444444
0.9473684210526315
0.9473684210526315
0.9487179487179487
0.9555555555555556
0.9615384615384616
0.9629629629629629
0.9666666666666667
0.9705882352941176
0.9736842105263158
1.0
1.0
1.0
1.0
1.0
1.0
1.0
1.0
1.0
1.0
1.0
1.0
1.0
1.0
1.0
1.0
1.0
1.0
1.0
1.0
1.0
1.0
1.0
1.0
1.0
1.0
1.0
1.0
1.0
1.0
1.0
1.0
1.0
1.0
1.0
1.0
1.0
1.0
1.0
1.0
1.0
1.0
1.0
1.0
1.0
1.0
1.0
1.0
1.0
1.0
1.0
1.0
1.0
1.0172413793103448
1.0256410256410255
1.0333333333333334
1.0344827586206897
1.0344827586206897
1.0384615384615385
1.0416666666666667
1.0434782608695652
1.0461538461538462
1.0476190476190477
1.0526315789473684
1.0526315789473684
1.0526315789473684
1.0535714285714286
1.0555555555555556
1.0555555555555556
1.0588235294117647
1.0588235294117647
1.0588235294117647
1.0588235294117647
1.06
1.0625
1.0625
1.0657894736842106
1.0666666666666667
1.0666666666666667
1.0666666666666667
1.0666666666666667
1.0689655172413792
1.0689655172413792
1.069767441860465
1.0714285714285714
1.0714285714285714
1.0714285714285714
1.0714285714285714
1.0714285714285714
1.0714285714285714
1.0714285714285714
1.0727272727272728
1.0740740740740742
1.0769230769230769
1.0769230769230769
1.0769230769230769
1.0769230769230769
1.0769230769230769
1.0769230769230769
1.0769230769230769
1.0769230769230769
1.08
1.0833333333333333
1.0833333333333333
1.0833333333333333
1.0833333333333333
1.0833333333333333
1.0833333333333333
1.0845070422535212
1.0847457627118644
1.0869565217391304
1.0869565217391304
1.0909090909090908
1.0909090909090908
1.0909090909090908
1.0909090909090908
1.0909090909090908
1.0909090909090908
1.0909090909090908
1.0909090909090908
1.0909090909090908
1.0909090909090908
1.09375
1.0952380952380953
1.0972222222222223
1.098360655737705
1.1
1.1
1.1
1.1
1.1
1.1
1.1
1.105263157894737
1.105263157894737
1.105263157894737
1.105263157894737
1.105263157894737
1.1081081081081081
1.109375
1.1095890410958904
1.1111111111111112
1.1111111111111112
1.1111111111111112
1.1111111111111112
1.1111111111111112
1.1111111111111112
1.1111111111111112
1.1111111111111112
1.1111111111111112
1.1111111111111112
1.1111111111111112
1.1111111111111112
1.1111111111111112
1.1142857142857143
1.1147540983606556
1.1153846153846154
1.1153846153846154
1.1153846153846154
1.1162790697674418
1.1176470588235294
1.1176470588235294
1.1176470588235294
1.1176470588235294
1.1176470588235294
1.1176470588235294
1.12
1.12
1.121212121212121
1.1219512195121952
1.125
1.125
1.125
1.125
1.125
1.125
1.125
1.125
1.125
1.125
1.125
1.125
1.125
1.125
1.125
1.125
1.1285714285714286
1.1290322580645162
1.1290322580645162
1.1290322580645162
1.1333333333333333
1.1333333333333333
1.1333333333333333
1.1343283582089552
1.135135135135135
1.1363636363636365
1.1363636363636365
1.1363636363636365
1.1379310344827587
1.1388888888888888
1.1388888888888888
1.1428571428571428
1.1428571428571428
1.1428571428571428
1.1428571428571428
1.1428571428571428
1.1428571428571428
1.1428571428571428
1.1428571428571428
1.1428571428571428
1.1428571428571428
1.1428571428571428
1.1428571428571428
1.1428571428571428
1.1428571428571428
1.1428571428571428
1.146341463414634
1.1470588235294117
1.1470588235294117
1.1481481481481481
1.15
1.15
1.15
1.15
1.15
1.1515151515151516
1.1538461538461537
1.1538461538461537
1.1538461538461537
1.1538461538461537
1.1538461538461537
1.15625
1.15625
1.1578947368421053
1.16
1.1612903225806452
1.1612903225806452
1.1612903225806452
1.1666666666666667
1.1666666666666667
1.1666666666666667
1.1666666666666667
1.1666666666666667
1.1666666666666667
1.1666666666666667
1.1666666666666667
1.1666666666666667
1.1666666666666667
1.1666666666666667
1.1666666666666667
1.1666666666666667
1.1666666666666667
1.1666666666666667
1.1666666666666667
1.1666666666666667
1.1666666666666667
1.1666666666666667
1.1666666666666667
1.1666666666666667
1.1666666666666667
1.1666666666666667
1.1666666666666667
1.1666666666666667
1.1666666666666667
1.170731707317073
1.1714285714285715
1.1724137931034482
1.1724137931034482
1.1724137931034482
1.173913043478261
1.173913043478261
1.173913043478261
1.1764705882352942
1.1764705882352942
1.1764705882352942
1.1764705882352942
1.1785714285714286
1.1785714285714286
1.180327868852459
1.1818181818181819
1.1818181818181819
1.1818181818181819
1.1818181818181819
1.1818181818181819
1.1818181818181819
1.1818181818181819
1.1818181818181819
1.1818181818181819
1.1818181818181819
1.1818181818181819
1.1818181818181819
1.183673469387755
1.183673469387755
1.1851851851851851
1.1875
1.1875
1.1875
1.1875
1.1875
1.1875
1.1875
1.1875
1.1875
1.1875
1.1875
1.1875
1.1875
1.1891891891891893
1.1896551724137931
1.1904761904761905
1.1904761904761905
1.1904761904761905
1.1923076923076923
1.1923076923076923
1.1935483870967742
1.1935483870967742
1.1935483870967742
1.1944444444444444
1.196078431372549
1.2
1.2
1.2
1.2
1.2
1.2
1.2
1.2
1.2
1.2
1.2
1.2
1.2
1.2
1.2
1.2
1.2
1.2
1.2
1.2
1.2
1.2
1.2
1.2
1.2
1.2
1.2
1.2
1.2058823529411764
1.206896551724138
1.2083333333333333
1.2083333333333333
1.2083333333333333
1.2093023255813953
1.2105263157894737
1.2105263157894737
1.2105263157894737
1.2105263157894737
1.2142857142857142
1.2142857142857142
1.2142857142857142
1.2142857142857142
1.2142857142857142
1.2142857142857142
1.2142857142857142
1.2142857142857142
1.2142857142857142
1.2142857142857142
1.2142857142857142
1.2142857142857142
1.2142857142857142
1.2162162162162162
1.2173913043478262
1.2173913043478262
1.2173913043478262
1.2173913043478262
1.2173913043478262
1.2203389830508475
1.2222222222222223
1.2222222222222223
1.2222222222222223
1.2222222222222223
1.2222222222222223
1.2222222222222223
1.2222222222222223
1.2222222222222223
1.2222222222222223
1.2222222222222223
1.2258064516129032
1.2307692307692308
1.2307692307692308
1.2307692307692308
1.2307692307692308
1.2307692307692308
1.2340425531914894
1.2352941176470589
1.2352941176470589
1.236842105263158
1.2380952380952381
1.2380952380952381
1.24
1.24
1.2424242424242424
1.2459016393442623
1.25
1.25
1.25
1.25
1.25
1.25
1.25
1.25
1.25
1.25
1.25
1.25
1.25
1.25
1.25
1.25
1.25
1.25
1.25
1.25
1.25
1.25
1.25
1.25
1.25
1.25
1.25
1.25
1.25
1.25
1.2537313432835822
1.2592592592592593
1.2608695652173914
1.263157894736842
1.263157894736842
1.263157894736842
1.263157894736842
1.2666666666666666
1.2666666666666666
1.2666666666666666
1.2666666666666666
1.2666666666666666
1.2666666666666666
1.2666666666666666
1.2682926829268293
1.2692307692307692
1.2692307692307692
1.2692307692307692
1.2708333333333333
1.2727272727272727
1.2727272727272727
1.2727272727272727
1.2727272727272727
1.2727272727272727
1.2727272727272727
1.2727272727272727
1.2777777777777777
1.2777777777777777
1.2777777777777777
1.2777777777777777
1.28
1.28
1.28
1.2820512820512822
1.2857142857142858
1.2857142857142858
1.2857142857142858
1.2857142857142858
1.2857142857142858
1.2857142857142858
1.2857142857142858
1.2857142857142858
1.2857142857142858
1.2857142857142858
1.2857142857142858
1.2857142857142858
1.2857142857142858
1.2857142857142858
1.2857142857142858
1.2857142857142858
1.2878787878787878
1.2903225806451613
1.2916666666666667
1.2916666666666667
1.2916666666666667
1.2916666666666667
1.2941176470588236
1.2941176470588236
1.2941176470588236
1.2941176470588236
1.2941176470588236
1.2941176470588236
1.2941176470588236
1.2941176470588236
1.2954545454545454
1.2962962962962963
1.2962962962962963
1.2972972972972974
1.3
1.3
1.3
1.3
1.3
1.3
1.3043478260869565
1.3043478260869565
1.3043478260869565
1.3043478260869565
1.3076923076923077
1.3076923076923077
1.3076923076923077
1.3076923076923077
1.3076923076923077
1.3076923076923077
1.3125
1.3125
1.3125
1.3125
1.3125
1.3157894736842106
1.3181818181818181
1.3181818181818181
1.3214285714285714
1.3225806451612903
1.3333333333333333
1.3333333333333333
1.3333333333333333
1.3333333333333333
1.3333333333333333
1.3333333333333333
1.3333333333333333
1.3333333333333333
1.3333333333333333
1.3333333333333333
1.3333333333333333
1.3333333333333333
1.3333333333333333
1.3333333333333333
1.3333333333333333
1.3333333333333333
1.3333333333333333
1.3333333333333333
1.3333333333333333
1.3333333333333333
1.3333333333333333
1.3333333333333333
1.3333333333333333
1.3333333333333333
1.3333333333333333
1.3333333333333333
1.3333333333333333
1.3333333333333333
1.3333333333333333
1.3333333333333333
1.3333333333333333
1.3333333333333333
1.3428571428571427
1.3428571428571427
1.3461538461538463
1.3478260869565217
1.35
1.35
1.35
1.35
1.3529411764705883
1.3529411764705883
1.3529411764705883
1.3529411764705883
1.3571428571428572
1.3571428571428572
1.3571428571428572
1.3571428571428572
1.3611111111111112
1.3636363636363635
1.3636363636363635
1.3636363636363635
1.3636363636363635
1.3636363636363635
1.3636363636363635
1.3636363636363635
1.3636363636363635
1.3636363636363635
1.3666666666666667
1.368421052631579
1.3703703703703705
1.375
1.375
1.375
1.375
1.375
1.375
1.375
1.375
1.375
1.3823529411764706
1.3823529411764706
1.3846153846153846
1.3846153846153846
1.3846153846153846
1.3846153846153846
1.3846153846153846
1.3846153846153846
1.3902439024390243
1.391304347826087
1.391304347826087
1.394736842105263
1.4
1.4
1.4
1.4
1.4
1.4
1.4
1.4
1.4
1.4
1.4
1.4
1.4
1.4
1.4
1.4
1.4
1.4
1.4
1.4
1.4
1.4
1.4
1.40625
1.4090909090909092
1.411764705882353
1.411764705882353
1.4166666666666667
1.4166666666666667
1.4166666666666667
1.4166666666666667
1.4166666666666667
1.4210526315789473
1.4210526315789473
1.4230769230769231
1.4285714285714286
1.4285714285714286
1.4285714285714286
1.4285714285714286
1.4285714285714286
1.4285714285714286
1.4285714285714286
1.4285714285714286
1.4333333333333333
1.4339622641509433
1.4375
1.4375
1.44
1.4444444444444444
1.4444444444444444
1.4444444444444444
1.4444444444444444
1.4444444444444444
1.4444444444444444
1.4444444444444444
1.4444444444444444
1.4444444444444444
1.4444444444444444
1.4545454545454546
1.4545454545454546
1.4545454545454546
1.4545454545454546
1.4545454545454546
1.4615384615384615
1.4615384615384615
1.4615384615384615
1.4615384615384615
1.4666666666666666
1.4666666666666666
1.4666666666666666
1.4705882352941178
1.4705882352941178
1.4736842105263157
1.475
1.4761904761904763
1.5
1.5
1.5
1.5
1.5
1.5
1.5
1.5
1.5
1.5
1.5
1.5
1.5
1.5
1.5
1.5
1.5
1.5
1.5
1.5
1.5
1.5
1.5
1.5
1.5
1.5
1.5
1.5
1.5
1.5
1.5
1.5
1.5
1.5161290322580645
1.52
1.52
1.5238095238095237
1.5263157894736843
1.5294117647058822
1.5294117647058822
1.5333333333333334
1.5333333333333334
1.5416666666666667
1.5483870967741935
1.5555555555555556
1.5555555555555556
1.5555555555555556
1.5555555555555556
1.5555555555555556
1.5555555555555556
1.5625
1.5625
1.5714285714285714
1.5714285714285714
1.5714285714285714
1.5833333333333333
1.5833333333333333
1.5833333333333333
1.5862068965517242
1.588235294117647
1.588235294117647
1.588235294117647
1.6
1.6
1.6
1.6
1.6
1.6
1.6
1.6
1.6153846153846154
1.625
1.625
1.625
1.625
1.625
1.625
1.625
1.625
1.6363636363636365
1.6363636363636365
1.6666666666666667
1.6666666666666667
1.6666666666666667
1.6666666666666667
1.6666666666666667
1.6666666666666667
1.6666666666666667
1.6666666666666667
1.6666666666666667
1.6666666666666667
1.6923076923076923
1.7
1.7142857142857142
1.7142857142857142
1.7142857142857142
1.7142857142857142
1.7142857142857142
1.7142857142857142
1.7272727272727273
1.7272727272727273
1.75
1.75
1.75
1.75
1.75
1.75
1.75
1.75
1.75
1.75
1.76
1.7777777777777777
1.7777777777777777
1.8
1.8
1.8
1.8
1.8
1.8
1.8
1.8
1.8
1.8181818181818181
1.8181818181818181
1.826086956521739
1.8333333333333333
1.8571428571428572
1.8571428571428572
1.875
1.875
1.875
1.875
1.8888888888888888
1.9
1.9230769230769231
2.0
2.0
2.0
2.0
2.0
2.0454545454545454
2.111111111111111
2.1666666666666665
2.2
2.25
2.3333333333333335
2.3333333333333335
2.3333333333333335
2.3846153846153846
2.5
2.5
2.5
2.5
2.5
2.6875
3.0
3.0
